category_id	field_id
1001	31
1001	34
1001	52
1001	53
1001	54
1001	189
1001	21000
1001	21003
1002	120
1002	129
1002	130
1002	1647
1002	1677
1002	1687
1002	1697
1002	1707
1002	1767
1002	1777
1002	1787
1002	20022
1002	20115
1003	134
1003	135
1003	136
1003	137
1003	2178
1003	2188
1003	2207
1003	2217
1003	2227
1003	2247
1003	2257
1003	2296
1003	2306
1003	2316
1003	2335
1003	2345
1003	2355
1003	2365
1003	2415
1003	2443
1003	2453
1003	2463
1003	2473
1003	2492
1003	2844
1003	2956
1003	2966
1003	2976
1003	2986
1003	3005
1003	3079
1003	3140
1003	3393
1003	3404
1003	3414
1003	3571
1003	3606
1003	3616
1003	3627
1003	3741
1003	3751
1003	3761
1003	3773
1003	3786
1003	3799
1003	3809
1003	3894
1003	3992
1003	4012
1003	4022
1003	4041
1003	4056
1003	4067
1003	4689
1003	4700
1003	4717
1003	4728
1003	4792
1003	4803
1003	4814
1003	4825
1003	4836
1003	5408
1003	5419
1003	5430
1003	5441
1003	5452
1003	5463
1003	5474
1003	5485
1003	5496
1003	5507
1003	5518
1003	5529
1003	5540
1003	5610
1003	5832
1003	5843
1003	5855
1003	5877
1003	5890
1003	5901
1003	5912
1003	5923
1003	5934
1003	5945
1003	6119
1003	6147
1003	6148
1003	6149
1003	6150
1003	6151
1003	6152
1003	6153
1003	6154
1003	6155
1003	6159
1003	6177
1003	6179
1003	6205
1003	10004
1003	10005
1003	10006
1003	10007
1003	10723
1003	10793
1003	10844
1003	10854
1003	20001
1003	20002
1003	20003
1003	20004
1003	20006
1003	20008
1003	20010
1003	20012
1003	20013
1003	20014
1004	1289
1004	1299
1004	1309
1004	1319
1004	1329
1004	1339
1004	1349
1004	1359
1004	1369
1004	1379
1004	1389
1004	1408
1004	1418
1004	1428
1004	1438
1004	1448
1004	1458
1004	1468
1004	1478
1004	1488
1004	1498
1004	1508
1004	1518
1004	1528
1004	1538
1004	1548
1004	2654
1004	3680
1004	6144
1004	10767
1004	10776
1004	10855
1004	10912
1004	20077
1004	20078
1004	20079
1004	20080
1004	20081
1004	20082
1004	20083
1004	20084
1004	20085
1004	20086
1004	20087
1004	20088
1004	20089
1004	20090
1004	20091
1004	20092
1004	20093
1004	20094
1004	20095
1004	20096
1004	20097
1004	20098
1004	20099
1004	20100
1004	20101
1004	20102
1004	20103
1004	20104
1004	20105
1004	20106
1004	20108
1004	20109
1004	100010
1004	100020
1004	100150
1004	100160
1004	100170
1004	100180
1004	100190
1004	100200
1004	100210
1004	100220
1004	100230
1004	100240
1004	100250
1004	100260
1004	100270
1004	100280
1004	100290
1004	100300
1004	100310
1004	100320
1004	100330
1004	100350
1004	100360
1004	100370
1004	100380
1004	100390
1004	100400
1004	100410
1004	100420
1004	100430
1004	100440
1004	100460
1004	100470
1004	100480
1004	100490
1004	100500
1004	100510
1004	100520
1004	100530
1004	100540
1004	100550
1004	100560
1004	100580
1004	100590
1004	100630
1004	100670
1004	100710
1004	100720
1004	100730
1004	100740
1004	100760
1004	100770
1004	100800
1004	100810
1004	100820
1004	100830
1004	100840
1004	100850
1004	100860
1004	100880
1004	100890
1004	100900
1004	100910
1004	100920
1004	100940
1004	100950
1004	101020
1004	101090
1004	101160
1004	101230
1004	101240
1004	101250
1004	101260
1004	101270
1004	101300
1004	101310
1004	101350
1004	101390
1004	101430
1004	101470
1004	101510
1004	101550
1004	101970
1004	101980
1004	101990
1004	102000
1004	102010
1004	102020
1004	102030
1004	102040
1004	102050
1004	102060
1004	102070
1004	102080
1004	102090
1004	102120
1004	102130
1004	102140
1004	102150
1004	102170
1004	102180
1004	102190
1004	102200
1004	102210
1004	102220
1004	102230
1004	102250
1004	102260
1004	102270
1004	102280
1004	102290
1004	102300
1004	102310
1004	102320
1004	102330
1004	102340
1004	102350
1004	102360
1004	102370
1004	102380
1004	102400
1004	102410
1004	102420
1004	102430
1004	102440
1004	102450
1004	102460
1004	102470
1004	102480
1004	102490
1004	102500
1004	102520
1004	102530
1004	102540
1004	102620
1004	102700
1004	102710
1004	102720
1004	102730
1004	102740
1004	102750
1004	102760
1004	102770
1004	102780
1004	102800
1004	102810
1004	102820
1004	102830
1004	102840
1004	102850
1004	102860
1004	102870
1004	102880
1004	102890
1004	102900
1004	102910
1004	102930
1004	102940
1004	102950
1004	102960
1004	102970
1004	102980
1004	103000
1004	103010
1004	103020
1004	103030
1004	103040
1004	103050
1004	103060
1004	103070
1004	103080
1004	103090
1004	103100
1004	103120
1004	103130
1004	103140
1004	103150
1004	103160
1004	103170
1004	103180
1004	103190
1004	103200
1004	103210
1004	103220
1004	103230
1004	103250
1004	103260
1004	103270
1004	103280
1004	103290
1004	103310
1004	103980
1004	103990
1004	104000
1004	104010
1004	104020
1004	104030
1004	104040
1004	104050
1004	104060
1004	104070
1004	104080
1004	104090
1004	104100
1004	104110
1004	104120
1004	104130
1004	104140
1004	104150
1004	104160
1004	104170
1004	104180
1004	104190
1004	104200
1004	104210
1004	104220
1004	104230
1004	104240
1004	104250
1004	104260
1004	104270
1004	104280
1004	104290
1004	104300
1004	104310
1004	104320
1004	104330
1004	104340
1004	104350
1004	104360
1004	104370
1004	104380
1004	104400
1004	104410
1004	104420
1004	104430
1004	104440
1004	104450
1004	104460
1004	104470
1004	104480
1004	104490
1004	104500
1004	104510
1004	104520
1004	104530
1004	104540
1004	104550
1004	104560
1004	104570
1004	104580
1004	104590
1004	104660
1004	104670
1004	105010
1004	105030
1005	399
1005	10137
1005	20016
1005	20017
1005	20018
1005	20023
1006	21
1006	46
1006	47
1006	48
1006	49
1006	50
1006	77
1006	78
1006	93
1006	94
1006	95
1006	102
1006	3062
1006	3063
1006	3064
1006	4079
1006	4080
1006	4081
1006	4106
1006	4125
1006	4138
1006	4143
1006	4194
1006	6218
1006	6219
1006	6220
1006	6221
1006	6222
1006	10694
1006	10695
1006	10696
1006	20015
1006	21001
1006	21002
1006	21021
1006	23099
1006	23100
1006	23101
1006	23102
1006	23105
1006	23106
1006	23107
1006	23108
1006	23109
1006	23110
1006	23111
1006	23112
1006	23113
1006	23114
1006	23115
1006	23116
1006	23117
1006	23118
1006	23119
1006	23120
1006	23121
1006	23122
1006	23123
1006	23124
1006	23125
1006	23126
1006	23127
1006	23128
1006	23129
1006	23130
1006	90012
1007	132
1007	757
1007	767
1007	777
1007	796
1007	806
1007	816
1007	826
1007	845
1007	3426
1007	6138
1007	6142
1007	6143
1007	10722
1007	20024
1007	20119
1007	20120
1007	20121
1014	54
1014	12139
1014	12187
1014	12188
1014	12651
1014	12652
1014	12663
1014	12704
1014	12706
1014	20215
1014	20216
1014	20217
1014	20218
1014	20219
1014	20220
1014	20221
1014	20224
1014	20225
1014	20227
1014	20249
1014	20250
1014	20251
1014	20252
1014	20253
1014	25000
1014	25001
1014	25002
1014	25003
1014	25004
1014	25005
1014	25006
1014	25007
1014	25008
1014	25009
1014	25010
1014	25011
1014	25012
1014	25013
1014	25014
1014	25015
1014	25016
1014	25017
1014	25018
1014	25019
1014	25020
1014	25021
1014	25022
1014	25023
1014	25024
1014	25025
1014	25026
1014	25027
1014	25028
1014	25029
1014	25030
1014	25031
1014	25032
1014	25033
1014	25034
1014	25035
1014	25036
1014	25037
1014	25038
1014	25039
1014	25040
1014	25042
1014	25044
1014	25046
1014	25048
1014	25050
1014	25052
1014	25054
1014	25056
1014	25057
1014	25058
1014	25059
1014	25060
1014	25061
1014	25062
1014	25063
1014	25064
1014	25065
1014	25066
1014	25067
1014	25068
1014	25069
1014	25070
1014	25071
1014	25072
1014	25073
1014	25074
1014	25075
1014	25076
1014	25077
1014	25078
1014	25079
1014	25080
1014	25081
1014	25082
1014	25083
1014	25084
1014	25085
1014	25086
1014	25087
1014	25088
1014	25089
1014	25090
1014	25091
1014	25092
1014	25093
1014	25094
1014	25095
1014	25096
1014	25097
1014	25098
1014	25099
1014	25100
1014	25101
1014	25102
1014	25103
1014	25104
1014	25105
1014	25106
1014	25107
1014	25108
1014	25109
1014	25110
1014	25111
1014	25112
1014	25113
1014	25114
1014	25115
1014	25116
1014	25117
1014	25118
1014	25119
1014	25120
1014	25121
1014	25122
1014	25123
1014	25124
1014	25125
1014	25126
1014	25127
1014	25128
1014	25129
1014	25130
1014	25131
1014	25132
1014	25133
1014	25134
1014	25135
1014	25136
1014	25137
1014	25138
1014	25139
1014	25140
1014	25141
1014	25142
1014	25143
1014	25144
1014	25145
1014	25146
1014	25147
1014	25148
1014	25149
1014	25150
1014	25151
1014	25152
1014	25153
1014	25154
1014	25155
1014	25156
1014	25157
1014	25158
1014	25159
1014	25160
1014	25161
1014	25162
1014	25163
1014	25164
1014	25165
1014	25166
1014	25167
1014	25168
1014	25169
1014	25170
1014	25171
1014	25172
1014	25173
1014	25174
1014	25175
1014	25176
1014	25177
1014	25178
1014	25179
1014	25180
1014	25181
1014	25182
1014	25183
1014	25184
1014	25185
1014	25186
1014	25187
1014	25188
1014	25189
1014	25190
1014	25191
1014	25192
1014	25193
1014	25194
1014	25195
1014	25196
1014	25197
1014	25198
1014	25199
1014	25200
1014	25201
1014	25202
1014	25203
1014	25204
1014	25205
1014	25206
1014	25207
1014	25208
1014	25209
1014	25210
1014	25211
1014	25212
1014	25213
1014	25214
1014	25215
1014	25216
1014	25217
1014	25218
1014	25219
1014	25220
1014	25221
1014	25222
1014	25223
1014	25224
1014	25225
1014	25226
1014	25227
1014	25228
1014	25229
1014	25230
1014	25231
1014	25232
1014	25233
1014	25234
1014	25235
1014	25236
1014	25237
1014	25238
1014	25239
1014	25240
1014	25241
1014	25242
1014	25243
1014	25244
1014	25245
1014	25246
1014	25247
1014	25248
1014	25249
1014	25250
1014	25251
1014	25252
1014	25253
1014	25254
1014	25255
1014	25256
1014	25257
1014	25258
1014	25259
1014	25260
1014	25261
1014	25262
1014	25263
1014	25264
1014	25265
1014	25266
1014	25267
1014	25268
1014	25269
1014	25270
1014	25271
1014	25272
1014	25273
1014	25274
1014	25275
1014	25276
1014	25277
1014	25278
1014	25279
1014	25280
1014	25281
1014	25282
1014	25283
1014	25284
1014	25285
1014	25286
1014	25287
1014	25288
1014	25289
1014	25290
1014	25291
1014	25292
1014	25293
1014	25294
1014	25295
1014	25296
1014	25297
1014	25298
1014	25299
1014	25300
1014	25301
1014	25302
1014	25303
1014	25304
1014	25305
1014	25306
1014	25307
1014	25308
1014	25309
1014	25310
1014	25311
1014	25312
1014	25313
1014	25314
1014	25315
1014	25316
1014	25317
1014	25318
1014	25319
1014	25320
1014	25321
1014	25322
1014	25323
1014	25324
1014	25325
1014	25326
1014	25327
1014	25328
1014	25329
1014	25330
1014	25331
1014	25332
1014	25333
1014	25334
1014	25335
1014	25336
1014	25337
1014	25338
1014	25339
1014	25340
1014	25341
1014	25342
1014	25343
1014	25344
1014	25345
1014	25346
1014	25347
1014	25348
1014	25349
1014	25350
1014	25351
1014	25352
1014	25353
1014	25354
1014	25355
1014	25356
1014	25357
1014	25358
1014	25359
1014	25360
1014	25361
1014	25362
1014	25363
1014	25364
1014	25365
1014	25366
1014	25367
1014	25368
1014	25369
1014	25370
1014	25371
1014	25372
1014	25373
1014	25374
1014	25375
1014	25376
1014	25377
1014	25378
1014	25379
1014	25380
1014	25381
1014	25382
1014	25383
1014	25384
1014	25385
1014	25386
1014	25387
1014	25388
1014	25389
1014	25390
1014	25391
1014	25392
1014	25393
1014	25394
1014	25395
1014	25396
1014	25397
1014	25398
1014	25399
1014	25400
1014	25401
1014	25402
1014	25403
1014	25404
1014	25405
1014	25406
1014	25407
1014	25408
1014	25409
1014	25410
1014	25411
1014	25412
1014	25413
1014	25414
1014	25415
1014	25416
1014	25417
1014	25418
1014	25419
1014	25420
1014	25421
1014	25422
1014	25423
1014	25424
1014	25425
1014	25426
1014	25427
1014	25428
1014	25429
1014	25430
1014	25431
1014	25432
1014	25433
1014	25434
1014	25435
1014	25436
1014	25437
1014	25438
1014	25439
1014	25440
1014	25441
1014	25442
1014	25443
1014	25444
1014	25445
1014	25446
1014	25447
1014	25448
1014	25449
1014	25450
1014	25451
1014	25452
1014	25453
1014	25454
1014	25455
1014	25456
1014	25457
1014	25458
1014	25459
1014	25460
1014	25461
1014	25462
1014	25463
1014	25464
1014	25465
1014	25466
1014	25467
1014	25468
1014	25469
1014	25470
1014	25471
1014	25472
1014	25473
1014	25474
1014	25475
1014	25476
1014	25477
1014	25478
1014	25479
1014	25480
1014	25481
1014	25482
1014	25483
1014	25484
1014	25485
1014	25486
1014	25487
1014	25488
1014	25489
1014	25490
1014	25491
1014	25492
1014	25493
1014	25494
1014	25495
1014	25496
1014	25497
1014	25498
1014	25499
1014	25500
1014	25501
1014	25502
1014	25503
1014	25504
1014	25505
1014	25506
1014	25507
1014	25508
1014	25509
1014	25510
1014	25511
1014	25512
1014	25513
1014	25514
1014	25515
1014	25516
1014	25517
1014	25518
1014	25519
1014	25520
1014	25521
1014	25522
1014	25523
1014	25524
1014	25525
1014	25526
1014	25527
1014	25528
1014	25529
1014	25530
1014	25531
1014	25532
1014	25533
1014	25534
1014	25535
1014	25536
1014	25537
1014	25538
1014	25539
1014	25540
1014	25541
1014	25542
1014	25543
1014	25544
1014	25545
1014	25546
1014	25547
1014	25548
1014	25549
1014	25550
1014	25551
1014	25552
1014	25553
1014	25554
1014	25555
1014	25556
1014	25557
1014	25558
1014	25559
1014	25560
1014	25561
1014	25562
1014	25563
1014	25564
1014	25565
1014	25566
1014	25567
1014	25568
1014	25569
1014	25570
1014	25571
1014	25572
1014	25573
1014	25574
1014	25575
1014	25576
1014	25577
1014	25578
1014	25579
1014	25580
1014	25581
1014	25582
1014	25583
1014	25584
1014	25585
1014	25586
1014	25587
1014	25588
1014	25589
1014	25590
1014	25591
1014	25592
1014	25593
1014	25594
1014	25595
1014	25596
1014	25597
1014	25598
1014	25599
1014	25600
1014	25601
1014	25602
1014	25603
1014	25604
1014	25605
1014	25606
1014	25607
1014	25608
1014	25609
1014	25610
1014	25611
1014	25612
1014	25613
1014	25614
1014	25615
1014	25616
1014	25617
1014	25618
1014	25619
1014	25620
1014	25621
1014	25622
1014	25623
1014	25624
1014	25625
1014	25626
1014	25627
1014	25628
1014	25629
1014	25630
1014	25631
1014	25632
1014	25633
1014	25634
1014	25635
1014	25636
1014	25637
1014	25638
1014	25639
1014	25640
1014	25641
1014	25642
1014	25643
1014	25644
1014	25645
1014	25646
1014	25647
1014	25648
1014	25649
1014	25650
1014	25651
1014	25652
1014	25653
1014	25654
1014	25655
1014	25656
1014	25657
1014	25658
1014	25659
1014	25660
1014	25661
1014	25662
1014	25663
1014	25664
1014	25665
1014	25666
1014	25667
1014	25668
1014	25669
1014	25670
1014	25671
1014	25672
1014	25673
1014	25674
1014	25675
1014	25676
1014	25677
1014	25678
1014	25679
1014	25680
1014	25681
1014	25682
1014	25683
1014	25684
1014	25685
1014	25686
1014	25687
1014	25688
1014	25689
1014	25690
1014	25691
1014	25692
1014	25693
1014	25694
1014	25695
1014	25696
1014	25697
1014	25698
1014	25699
1014	25700
1014	25701
1014	25702
1014	25703
1014	25704
1014	25705
1014	25706
1014	25707
1014	25708
1014	25709
1014	25710
1014	25711
1014	25712
1014	25713
1014	25714
1014	25715
1014	25716
1014	25717
1014	25718
1014	25719
1014	25720
1014	25721
1014	25722
1014	25723
1014	25724
1014	25725
1014	25726
1014	25727
1014	25728
1014	25729
1014	25730
1014	25731
1014	25732
1014	25733
1014	25734
1014	25735
1014	25736
1014	25737
1014	25738
1014	25739
1014	25740
1014	25741
1014	25742
1014	25743
1014	25744
1014	25745
1014	25746
1014	25747
1014	25748
1014	25749
1014	25750
1014	25751
1014	25752
1014	25753
1014	25754
1014	25755
1014	25756
1014	25757
1014	25758
1014	25759
1014	25761
1014	25762
1014	25763
1014	25764
1014	25765
1014	25766
1014	25767
1014	25768
1014	25780
1014	25781
1014	25782
1014	25783
1014	25784
1014	25785
1014	25786
1014	25787
1014	25788
1014	25789
1014	25790
1014	25791
1014	25792
1014	25793
1014	25794
1014	25795
1014	25796
1014	25797
1014	25798
1014	25799
1014	25800
1014	25801
1014	25802
1014	25803
1014	25804
1014	25805
1014	25806
1014	25807
1014	25808
1014	25809
1014	25810
1014	25811
1014	25812
1014	25813
1014	25814
1014	25815
1014	25816
1014	25817
1014	25818
1014	25819
1014	25820
1014	25821
1014	25822
1014	25823
1014	25824
1014	25825
1014	25826
1014	25827
1014	25828
1014	25829
1014	25830
1014	25831
1014	25832
1014	25833
1014	25834
1014	25835
1014	25836
1014	25837
1014	25838
1014	25839
1014	25840
1014	25841
1014	25842
1014	25843
1014	25844
1014	25845
1014	25846
1014	25847
1014	25848
1014	25849
1014	25850
1014	25851
1014	25852
1014	25853
1014	25854
1014	25855
1014	25856
1014	25857
1014	25858
1014	25859
1014	25860
1014	25861
1014	25862
1014	25863
1014	25864
1014	25865
1014	25866
1014	25867
1014	25868
1014	25869
1014	25870
1014	25871
1014	25872
1014	25873
1014	25874
1014	25875
1014	25876
1014	25877
1014	25878
1014	25879
1014	25880
1014	25881
1014	25882
1014	25883
1014	25884
1014	25885
1014	25886
1014	25887
1014	25888
1014	25889
1014	25890
1014	25891
1014	25892
1014	25893
1014	25894
1014	25895
1014	25896
1014	25897
1014	25898
1014	25899
1014	25900
1014	25901
1014	25902
1014	25903
1014	25904
1014	25905
1014	25906
1014	25907
1014	25908
1014	25909
1014	25910
1014	25911
1014	25912
1014	25913
1014	25914
1014	25915
1014	25916
1014	25917
1014	25918
1014	25919
1014	25920
1015	12624
1015	12671
1015	12673
1015	12674
1015	12675
1015	12676
1015	12677
1015	12678
1015	12679
1015	12680
1015	12681
1015	12682
1015	12683
1015	12684
1015	12685
1015	12686
1015	12687
1015	12695
1015	12697
1015	12698
1015	12699
1015	12700
1015	12702
1015	20207
1015	20208
1015	20209
1015	20210
1015	20211
1015	20212
1015	20213
1015	20214
1015	22420
1015	22421
1015	22422
1015	22423
1015	22424
1015	22425
1015	22426
1015	22427
1016	12140
1016	12223
1016	12224
1016	12623
1016	12664
1016	12848
1016	20201
1016	20202
1016	20203
1016	20204
1016	20206
1016	20259
1016	20260
1016	22403
1016	22404
1016	22405
1016	22406
1016	22407
1016	22408
1016	22409
1016	22410
1016	22411
1016	22412
1016	22413
1016	22414
1017	22000
1017	22001
1017	22002
1017	22003
1017	22004
1017	22005
1017	22006
1017	22007
1017	22008
1017	22009
1017	22010
1017	22011
1017	22012
1017	22013
1017	22018
1017	22019
1017	22020
1017	22021
1017	22022
1017	22023
1017	22024
1017	22025
1017	22026
1017	22027
1017	22028
1017	22029
1017	22030
1017	22051
1017	22052
1017	22100
1017	22101
1017	22102
1017	22103
1017	22104
1017	22105
1017	22106
1017	22107
1017	22108
1017	22109
1017	22110
1017	22111
1017	22112
1017	22113
1017	22114
1017	22115
1017	22116
1017	22117
1017	22118
1017	22119
1017	22120
1017	22121
1017	22122
1017	22123
1017	22124
1017	22125
1017	22182
1017	22801
1017	22802
1017	22803
1017	22804
1017	22805
1017	22806
1017	22807
1017	22808
1017	22809
1017	22810
1017	22811
1017	22812
1017	22813
1017	22814
1017	22815
1017	22816
1017	22817
1017	22818
1017	22819
1017	22820
1017	22821
1017	22822
1018	1920
1018	1930
1018	1940
1018	1950
1018	1960
1018	1970
1018	1980
1018	1990
1018	2000
1018	2010
1018	2020
1018	2030
1018	2040
1018	2050
1018	2060
1018	2070
1018	2080
1018	2090
1018	2100
1018	4526
1018	4537
1018	4548
1018	4559
1018	4570
1018	4581
1018	4598
1018	4609
1018	4620
1018	4631
1018	4642
1018	4653
1018	5375
1018	5386
1018	5663
1018	5674
1018	6145
1018	6156
1018	10721
1018	20122
1018	20123
1018	20124
1018	20125
1018	20126
1018	20127
1018	20400
1018	20401
1018	20403
1018	20404
1018	20405
1018	20406
1018	20407
1018	20408
1018	20409
1018	20410
1018	20411
1018	20412
1018	20413
1018	20414
1018	20415
1018	20416
1018	20417
1018	20418
1018	20419
1018	20420
1018	20421
1018	20422
1018	20423
1018	20425
1018	20426
1018	20427
1018	20428
1018	20429
1018	20431
1018	20432
1018	20433
1018	20434
1018	20435
1018	20436
1018	20437
1018	20438
1018	20439
1018	20440
1018	20441
1018	20442
1018	20445
1018	20446
1018	20447
1018	20448
1018	20449
1018	20450
1018	20453
1018	20454
1018	20455
1018	20456
1018	20457
1018	20458
1018	20459
1018	20460
1018	20461
1018	20462
1018	20463
1018	20465
1018	20466
1018	20467
1018	20468
1018	20470
1018	20471
1018	20473
1018	20474
1018	20476
1018	20477
1018	20479
1018	20480
1018	20481
1018	20482
1018	20483
1018	20484
1018	20485
1018	20486
1018	20487
1018	20488
1018	20489
1018	20490
1018	20491
1018	20492
1018	20493
1018	20494
1018	20495
1018	20496
1018	20497
1018	20498
1018	20499
1018	20500
1018	20501
1018	20502
1018	20503
1018	20504
1018	20505
1018	20506
1018	20507
1018	20508
1018	20509
1018	20510
1018	20511
1018	20512
1018	20513
1018	20514
1018	20515
1018	20516
1018	20517
1018	20518
1018	20519
1018	20520
1018	20521
1018	20522
1018	20523
1018	20524
1018	20525
1018	20526
1018	20527
1018	20528
1018	20529
1018	20530
1018	20531
1018	20532
1018	20533
1018	20534
1018	20535
1018	20536
1018	20537
1018	20538
1018	20539
1018	20540
1018	20541
1018	20542
1018	20543
1018	20544
1018	20546
1018	20547
1018	20548
1018	20549
1018	20550
1018	20551
1018	20552
1018	20553
1018	20554
1019	40000
1019	40001
1019	40002
1019	40005
1019	40006
1019	40007
1019	40008
1019	40009
1019	40010
1019	40011
1019	40012
1019	40013
1019	40018
1019	40019
1019	40020
1019	40021
1019	40022
1019	41066
1019	41067
1019	41068
1019	41069
1019	41070
1019	41071
1019	41072
1019	41073
1019	41074
1019	41075
1019	41076
1019	41078
1019	41079
1019	41080
1019	41082
1019	41083
1019	41084
1019	41085
1019	41086
1019	41087
1019	41088
1019	41089
1019	41090
1019	41091
1019	41092
1019	41093
1019	41094
1019	41095
1019	41096
1019	41097
1019	41098
1019	41099
1019	41100
1019	41101
1019	41102
1019	41103
1019	41104
1019	41105
1019	41106
1019	41107
1019	41108
1019	41109
1019	41110
1019	41111
1019	41112
1019	41113
1019	41114
1019	41115
1019	41116
1019	41117
1019	41118
1019	41119
1019	41120
1019	41121
1019	41122
1019	41123
1019	41124
1019	41125
1019	41132
1019	41142
1019	41143
1019	41144
1019	41146
1019	41148
1019	41200
1019	41201
1019	41202
1019	41203
1019	41204
1019	41205
1019	41206
1019	41207
1019	41208
1019	41209
1019	41210
1019	41211
1019	41212
1019	41213
1019	41214
1019	41215
1019	41216
1019	41217
1019	41218
1019	41219
1019	41220
1019	41221
1019	41222
1019	41223
1019	41224
1019	41225
1019	41226
1019	41227
1019	41228
1019	41229
1019	41230
1019	41231
1019	41232
1019	41233
1019	41235
1019	41236
1019	41237
1019	41238
1019	41239
1019	41240
1019	41241
1019	41242
1019	41243
1019	41244
1019	41245
1019	41246
1019	41247
1019	41248
1019	41249
1019	41250
1019	41251
1019	41252
1019	41253
1019	42000
1019	42001
1019	42002
1019	42003
1019	42004
1019	42005
1019	42006
1019	42007
1019	42008
1019	42009
1019	42010
1019	42011
1019	42012
1019	42013
100113	54
100113	129
100113	130
100113	20033
100113	20034
100113	20074
100113	20075
100113	20118
100113	22700
100113	22701
100113	22702
100113	22703
100113	22704
